0	4.0064	3.04879
0.01	4.1307	3.13279
0.02	4.24993	3.21719
0.03	4.36387	3.29707
0.04	4.47231	3.36957
0.05	4.57504	3.43601
0.06	4.67186	3.49961
0.07	4.76259	3.5618
0.08	4.84706	3.62117
0.09	4.92512	3.67565
0.1	4.99662	3.72494
0.11	5.06144	3.77039
0.12	5.11945	3.813
0.13	5.17057	3.85217
0.14	5.21469	3.88664
0.15	5.25176	3.91608
0.16	5.28172	3.94132
0.17	5.30453	3.96313
0.18	5.32017	3.9812
0.19	5.32862	3.99463
0.2	5.3299	4.00316
0.21	5.32402	4.00742
0.22	5.31102	4.00804
0.23	5.29096	4.00485
0.24	5.26391	3.99722
0.25	5.22995	3.98492
0.26	5.18917	3.96848
0.27	5.14169	3.94848
0.28	5.08763	3.92484
0.29	5.02714	3.89709
0.3	4.96037	3.86506
0.31	4.88748	3.82922
0.32	4.80866	3.79011
0.33	4.72409	3.74774
0.34	4.63397	3.70174
0.35	4.53853	3.652
0.36	4.43799	3.59896
0.37	4.33257	3.54311
0.38	4.22252	3.48453
0.39	4.10809	3.42295
0.4	3.98955	3.35829
0.41	3.86715	3.29095
0.42	3.74117	3.22143
0.43	3.61188	3.14983
0.44	3.47958	3.07594
0.45	3.34454	2.99972
0.46	3.20706	2.92155
0.47	3.06743	2.8419
0.48	2.92595	2.76089
0.49	2.78291	2.67838
0.5	2.6386	2.59433
0.51	2.49333	2.50909
0.52	2.34739	2.42311
0.53	2.20108	2.33653
0.54	2.05467	2.24924
0.55	1.90847	2.1612
0.56	1.76275	2.07273
0.57	1.61779	1.98425
0.58	1.47387	1.89592
0.59	1.33124	1.80761
0.6	1.19018	1.7193
0.61	1.05094	1.63128
0.62	0.913747	1.54393
0.63	0.778853	1.45739
0.64	0.646482	1.37155
0.65	0.516851	1.28637
0.66	0.390167	1.2021
0.67	0.266628	1.11908
0.68	0.14642	1.03744
0.69	0.0297185	0.957054
0.7	-0.0833136	0.877874
0.71	-0.192524	0.800098
0.72	-0.297774	0.724028
0.73	-0.398935	0.649771
0.74	-0.495894	0.577198
0.75	-0.588548	0.506224
0.76	-0.676808	0.437008
0.77	-0.760599	0.36981
0.78	-0.839855	0.304708
0.79	-0.914529	0.24156
0.8	-0.984581	0.180252
0.81	-1.04999	0.120901
0.82	-1.11074	0.063724
0.83	-1.16683	0.00877318
0.84	-1.21828	-0.044112
0.85	-1.26511	-0.0950712
0.86	-1.30735	-0.14403
0.87	-1.34507	-0.19081
0.88	-1.37831	-0.235384
0.89	-1.40716	-0.277929
0.9	-1.43168	-0.31861
0.91	-1.45198	-0.357388
0.92	-1.46815	-0.39412
0.93	-1.4803	-0.4288
0.94	-1.48857	-0.461619
0.95	-1.49307	-0.492762
0.96	-1.49394	-0.52222
0.97	-1.49132	-0.54988
0.98	-1.48538	-0.575751
0.99	-1.47625	-0.600034
1	-1.46412	-0.622927
1.01	-1.44913	-0.644446
1.02	-1.43148	-0.664497
1.03	-1.41132	-0.683103
1.04	-1.38885	-0.700464
1.05	-1.36425	-0.716787
1.06	-1.33769	-0.732104
1.07	-1.30938	-0.746336
1.08	-1.27948	-0.759507
1.09	-1.24821	-0.771815
1.1	-1.21573	-0.783468
1.11	-1.18223	-0.794504
1.12	-1.14792	-0.804853
1.13	-1.11296	-0.814533
1.14	-1.07753	-0.823733
1.15	-1.04183	-0.832654
1.16	-1.00602	-0.841337
1.17	-0.970267	-0.849709
1.18	-0.934749	-0.85778
1.19	-0.899623	-0.865722
1.2	-0.865048	-0.873725
1.21	-0.831174	-0.881823
1.22	-0.798147	-0.889938
1.23	-0.766105	-0.898064
1.24	-0.735181	-0.906354
1.25	-0.7055	-0.91498
1.26	-0.67718	-0.923966
1.27	-0.650332	-0.933223
1.28	-0.625058	-0.942727
1.29	-0.601453	-0.952605
1.3	-0.579603	-0.963011
1.31	-0.559588	-0.973957
1.32	-0.541478	-0.985337
1.33	-0.525333	-0.997108
1.34	-0.511208	-1.00937
1.35	-0.499147	-1.02226
1.36	-0.489186	-1.03577
1.37	-0.481353	-1.04978
1.38	-0.475667	-1.06423
1.39	-0.472139	-1.07919
1.4	-0.470773	-1.09477
1.41	-0.471561	-1.11097
1.42	-0.474493	-1.12763
1.43	-0.479545	-1.14468
1.44	-0.486691	-1.16217
1.45	-0.495893	-1.1802
1.46	-0.507109	-1.19872
1.47	-0.520289	-1.2176
1.48	-0.535376	-1.23674
1.49	-0.552308	-1.25615
1.5	-0.571016	-1.27593
1.51	-0.591426	-1.29603
1.52	-0.613458	-1.3163
1.53	-0.637028	-1.33662
1.54	-0.662047	-1.357
1.55	-0.688421	-1.37751
1.56	-0.716054	-1.39811
1.57	-0.744844	-1.41862
1.58	-0.774687	-1.43894
1.59	-0.805478	-1.45906
1.6	-0.837108	-1.47905
1.61	-0.869466	-1.49884
1.62	-0.902439	-1.51829
1.63	-0.935914	-1.53727
1.64	-0.969778	-1.55576
1.65	-1.00392	-1.57384
1.66	-1.03821	-1.59145
1.67	-1.07255	-1.60843
1.68	-1.10683	-1.62466
1.69	-1.14092	-1.64014
1.7	-1.17472	-1.65493
1.71	-1.20811	-1.66898
1.72	-1.241	-1.68216
1.73	-1.27327	-1.69432
1.74	-1.30483	-1.70549
1.75	-1.33557	-1.71572
1.76	-1.3654	-1.72498
1.77	-1.39423	-1.73314
1.78	-1.42195	-1.74009
1.79	-1.4485	-1.74583
1.8	-1.47379	-1.75044
1.81	-1.49773	-1.7539
1.82	-1.52027	-1.7561
1.83	-1.54132	-1.75692
1.84	-1.56083	-1.7564
1.85	-1.57874	-1.7546
1.86	-1.59498	-1.75155
1.87	-1.60952	-1.74712
1.88	-1.62231	-1.74124
1.89	-1.63331	-1.73393
1.9	-1.64248	-1.72528
1.91	-1.6498	-1.71532
1.92	-1.65524	-1.70396
1.93	-1.65878	-1.69112
1.94	-1.66041	-1.67684
1.95	-1.66011	-1.66123
1.96	-1.65789	-1.64432
1.97	-1.65374	-1.62606
1.98	-1.64768	-1.60636
1.99	-1.63969	-1.58528
2	-1.62981	-1.56294
2.01	-1.61805	-1.53939
2.02	-1.60444	-1.51458
2.03	-1.58898	-1.48845
2.04	-1.57173	-1.46106
2.05	-1.55271	-1.43253
2.06	-1.53196	-1.40294
2.07	-1.50952	-1.37224
2.08	-1.48543	-1.34039
2.09	-1.45974	-1.30744
2.1	-1.4325	-1.27353
2.11	-1.40377	-1.23874
2.12	-1.37359	-1.20305
2.13	-1.34202	-1.1664
2.14	-1.30913	-1.12887
2.15	-1.27496	-1.09059
2.16	-1.2396	-1.05165
2.17	-1.20309	-1.01203
2.18	-1.1655	-0.971687
2.19	-1.1269	-0.930689
2.2	-1.08736	-0.889181
2.21	-1.04694	-0.847255
2.22	-1.00571	-0.80489
2.23	-0.963739	-0.762049
2.24	-0.921095	-0.718795
2.25	-0.877847	-0.675274
2.26	-0.834062	-0.631581
2.27	-0.789809	-0.587698
2.28	-0.745155	-0.543586
2.29	-0.700167	-0.499304
2.3	-0.65491	-0.454997
2.31	-0.609452	-0.410759
2.32	-0.563855	-0.366573
2.33	-0.518183	-0.322397
2.34	-0.472499	-0.278284
2.35	-0.426864	-0.234375
2.36	-0.381338	-0.190764
2.37	-0.335979	-0.147433
2.38	-0.290845	-0.104334
2.39	-0.245991	-0.0615147
2.4	-0.20147	-0.0191087
2.41	-0.157337	0.0227905
2.42	-0.113641	0.0642036
2.43	-0.0704321	0.105184
2.44	-0.027758	0.145691
2.45	0.0143355	0.185599
2.46	0.0558039	0.224815
2.47	0.0966047	0.263363
2.48	0.136697	0.301303
2.49	0.176041	0.338603
2.5	0.2146	0.375142
2.51	0.252337	0.410831
2.52	0.289219	0.445698
2.53	0.325213	0.479808
2.54	0.360288	0.513138
2.55	0.394414	0.545572
2.56	0.427564	0.577027
2.57	0.459711	0.607531
2.58	0.490832	0.637156
2.59	0.520902	0.665888
2.6	0.5499	0.693617
2.61	0.577806	0.720263
2.62	0.604601	0.745857
2.63	0.630268	0.770476
2.64	0.654792	0.794115
2.65	0.678156	0.816671
2.66	0.700349	0.838065
2.67	0.721359	0.858331
2.68	0.741174	0.877554
2.69	0.759787	0.895735
2.7	0.777188	0.912778
2.71	0.793371	0.928606
2.72	0.808332	0.943257
2.73	0.822066	0.956819
2.74	0.83457	0.969303
2.75	0.845843	0.98062
2.76	0.855884	0.990694
2.77	0.864695	0.999565
2.78	0.872279	1.00733
2.79	0.878638	1.014
2.8	0.883778	1.01951
2.81	0.887705	1.02376
2.82	0.890426	1.02682
2.83	0.891951	1.02877
2.84	0.89229	1.02966
2.85	0.891455	1.02938
2.86	0.889458	1.02789
2.87	0.886313	1.02523
2.88	0.882038	1.02149
2.89	0.876648	1.01672
2.9	0.870162	1.01085
2.91	0.862601	1.00381
2.92	0.853986	0.995645
2.93	0.84434	0.986472
2.94	0.833686	0.976336
2.95	0.822051	0.965171
2.96	0.809462	0.952914
2.97	0.795948	0.939615
2.98	0.781538	0.925395
2.99	0.766264	0.910306
3	0.750158	0.894291
3.01	0.733255	0.877289
3.02	0.71559	0.859352
3.03	0.6972	0.840606
3.04	0.678122	0.821113
3.05	0.658396	0.800822
3.06	0.638062	0.779672
3.07	0.617161	0.75772
3.08	0.595735	0.735095
3.09	0.573827	0.711868
3.1	0.551482	0.687992
3.11	0.528745	0.663409
3.12	0.50566	0.638174
3.13	0.482273	0.612423
3.14	0.458632	0.586233
3.15	0.434783	0.55956
3.16	0.410774	0.532347
3.17	0.386651	0.504648
3.18	0.362461	0.476601
3.19	0.338253	0.44829
3.2	0.314072	0.419672
3.21	0.289966	0.390689
3.22	0.26598	0.361392
3.23	0.242159	0.331921
3.24	0.218548	0.302362
3.25	0.195191	0.272674
3.26	0.172129	0.242795
3.27	0.149405	0.21277
3.28	0.127056	0.18274
3.29	0.105122	0.152791
3.3	0.0836386	0.122882
3.31	0.0626403	0.0929439
3.32	0.0421593	0.0630157
3.33	0.0222259	0.0332344
3.34	0.00286788	0.0036866
3.35	-0.0158894	-0.0256724
3.36	-0.0340232	-0.0549208
3.37	-0.0515136	-0.0840277
3.38	-0.0683433	-0.112861
3.39	-0.0844981	-0.141337
3.4	-0.099967	-0.169505
3.41	-0.114742	-0.197453
3.42	-0.128819	-0.225162
3.43	-0.142195	-0.252507
3.44	-0.154875	-0.279406
3.45	-0.166862	-0.305916
3.46	-0.178166	-0.332137
3.47	-0.1888	-0.358062
3.48	-0.19878	-0.383573
3.49	-0.208127	-0.408593
3.5	-0.216863	-0.433187
3.51	-0.225016	-0.457468
3.52	-0.232616	-0.48144
3.53	-0.239699	-0.504994
3.54	-0.246301	-0.528058
3.55	-0.252464	-0.550703
3.56	-0.258233	-0.573055
3.57	-0.263654	-0.595133
3.58	-0.268779	-0.616833
3.59	-0.273662	-0.638089
3.6	-0.278359	-0.658976
3.61	-0.28293	-0.679634
3.62	-0.287436	-0.700091
3.63	-0.291941	-0.720253
3.64	-0.296512	-0.740051
3.65	-0.301217	-0.759569
3.66	-0.306126	-0.778955
3.67	-0.31131	-0.798248
3.68	-0.316841	-0.817356
3.69	-0.322793	-0.836212
3.7	-0.32924	-0.854899
3.71	-0.336256	-0.873574
3.72	-0.343916	-0.892283
3.73	-0.352295	-0.910935
3.74	-0.361465	-0.929458
3.75	-0.3715	-0.947935
3.76	-0.382472	-0.966525
3.77	-0.394451	-0.985281
3.78	-0.407506	-1.00411
3.79	-0.421703	-1.02292
3.8	-0.437107	-1.04181
3.81	-0.453778	-1.06092
3.82	-0.471775	-1.08031
3.83	-0.491153	-1.09988
3.84	-0.511964	-1.11954
3.85	-0.534253	-1.13935
3.86	-0.558065	-1.15948
3.87	-0.583436	-1.17997
3.88	-0.610402	-1.2007
3.89	-0.638989	-1.22158
3.9	-0.669221	-1.24265
3.91	-0.701114	-1.26406
3.92	-0.73468	-1.28587
3.93	-0.769923	-1.30794
3.94	-0.806842	-1.33015
3.95	-0.84543	-1.35253
3.96	-0.88567	-1.37522
3.97	-0.927543	-1.39827
3.98	-0.971018	-1.42153
3.99	-1.01606	-1.44484
4	-1.06263	-1.46823
4.01	-1.11067	-1.49183
4.02	-1.16013	-1.51566
4.03	-1.21094	-1.53957
4.04	-1.26302	-1.56338
4.05	-1.31631	-1.58708
4.06	-1.37071	-1.6108
4.07	-1.42613	-1.63457
4.08	-1.48246	-1.65819
4.09	-1.53961	-1.68147
4.1	-1.59744	-1.70439
4.11	-1.65585	-1.72706
4.12	-1.71471	-1.7495
4.13	-1.77387	-1.7715
4.14	-1.8332	-1.79284
4.15	-1.89255	-1.81349
4.16	-1.95177	-1.83355
4.17	-2.01071	-1.85304
4.18	-2.0692	-1.87173
4.19	-2.12708	-1.88939
4.2	-2.18418	-1.90596
4.21	-2.24033	-1.92156
4.22	-2.29534	-1.93619
4.23	-2.34904	-1.94963
4.24	-2.40125	-1.96162
4.25	-2.45179	-1.97209
4.26	-2.50047	-1.98117
4.27	-2.54711	-1.98887
4.28	-2.59152	-1.99497
4.29	-2.63353	-1.99918
4.3	-2.67293	-2.00144
4.31	-2.70957	-2.00188
4.32	-2.74324	-2.00055
4.33	-2.77378	-1.99721
4.34	-2.80102	-1.99158
4.35	-2.82477	-1.98358
4.36	-2.84488	-1.97338
4.37	-2.86118	-1.96104
4.38	-2.87353	-1.94635
4.39	-2.88175	-1.929
4.4	-2.88573	-1.90894
4.41	-2.88531	-1.88636
4.42	-2.88036	-1.86135
4.43	-2.87077	-1.83372
4.44	-2.85643	-1.80317
4.45	-2.83722	-1.76963
4.46	-2.81306	-1.73336
4.47	-2.78386	-1.69449
4.48	-2.74955	-1.65284
4.49	-2.71005	-1.6081
4.5	-2.66532	-1.56025
4.51	-2.61532	-1.50956
4.52	-2.56002	-1.45624
4.53	-2.49939	-1.40012
4.54	-2.43344	-1.34091
4.55	-2.36216	-1.27857
4.56	-2.28558	-1.21345
4.57	-2.20373	-1.14582
4.58	-2.11665	-1.07553
4.59	-2.0244	-1.00228
4.6	-1.92705	-0.926064
4.61	-1.82467	-0.84728
4.62	-1.71738	-0.766268
4.63	-1.60526	-0.682917
4.64	-1.48845	-0.596894
4.65	-1.36708	-0.508207
4.66	-1.24129	-0.417329
4.67	-1.11124	-0.324683
4.68	-0.977105	-0.230176
4.69	-0.839059	-0.133442
4.7	-0.697297	-0.0344894
4.71	-0.552023	0.0661296
4.72	-0.403449	0.167895
4.73	-0.2518	0.270884
4.74	-0.0973098	0.375522
4.75	0.0597793	0.481823
4.76	0.219216	0.589139
4.77	0.380741	0.69683
4.78	0.544086	0.804964
4.79	0.708979	0.914073
4.8	0.875139	1.02422
4.81	1.04228	1.13464
4.82	1.21011	1.24453
4.83	1.37834	1.35396
4.84	1.54666	1.46363
4.85	1.71478	1.57373
4.86	1.88239	1.68332
4.87	2.04918	1.79134
4.88	2.21485	1.89784
4.89	2.3791	2.00388
4.9	2.54161	2.10989
4.91	2.70209	2.21468
4.92	2.86023	2.31661
4.93	3.01573	2.41568
4.94	3.1683	2.51368
4.95	3.31766	2.61188
4.96	3.46351	2.70867
4.97	3.60558	2.80053
4.98	3.74359	2.88566
4.99	3.87728	2.96643
5	4.0064	3.04757
